   29.00    56.00    81.00   104.00     0.00     0.00     0.00     0.00     0.00     0.00     0.00     0.00     0.00     0.00     0.00
   56.00    81.00   104.00   125.00     0.00     0.00     0.00     0.00     0.00     0.00     0.00     0.00     0.00     0.00     0.00
   81.00   104.00   125.00   144.00     0.00     0.00     0.00     0.00     0.00     0.00     0.00     0.00     0.00     0.00     0.00
  104.00   125.00   144.00   161.00   176.00   189.00   200.00     0.00     0.00     0.00     0.00     0.00     0.00     0.00     0.00
    0.00     0.00     0.00   176.00   189.00   200.00   209.00     0.00     0.00     0.00     0.00     0.00     0.00     0.00     0.00
    0.00     0.00     0.00   189.00   200.00   209.00   216.00     0.00     0.00     0.00     0.00     0.00     0.00     0.00     0.00
    0.00     0.00     0.00   200.00   209.00   216.00   221.00   224.00   225.00     0.00     0.00     0.00     0.00     0.00     0.00
    0.00     0.00     0.00     0.00     0.00     0.00   224.00   225.00   224.00   221.00   216.00   209.00     0.00     0.00     0.00
    0.00     0.00     0.00     0.00     0.00     0.00   225.00   224.00   221.00   216.00   209.00   200.00     0.00     0.00     0.00
    0.00     0.00     0.00     0.00     0.00     0.00     0.00   221.00   216.00   209.00   200.00   189.00   176.00     0.00     0.00
    0.00     0.00     0.00     0.00     0.00     0.00     0.00   216.00   209.00   200.00   189.00   176.00   161.00     0.00     0.00
    0.00     0.00     0.00     0.00     0.00     0.00     0.00     0.00     0.00   189.00   176.00   161.00   144.00     0.00     0.00
    0.00     0.00     0.00     0.00     0.00     0.00     0.00     0.00     0.00     0.00     0.00   144.00   125.00   104.00     0.00
    0.00     0.00     0.00     0.00     0.00     0.00     0.00     0.00     0.00     0.00     0.00   125.00   104.00    81.00    56.00
    0.00     0.00     0.00     0.00     0.00     0.00     0.00     0.00     0.00     0.00     0.00   104.00    81.00    56.00    29.00
